[-79.24298508346985,42.48730001673977,-78.46109882181268,43.305745590021225]
[-83.44107810611973,39.567011093608485,-82.54328559429517,40.41580337054455]
[-75.67062290227939,39.55594689764505,-74.56675040667801,40.46638464283631]
[-122.73720241707748,46.980330068549,-121.52758355524972,48.138247510746815]
[-119.20573653317928,33.11764793405696,-116.86242823662067,34.63381892773419]
[-122.81683701615566,36.92625877256036,-121.43534023397785,38.25944341319025]
[-74.59540789126649,40.19552503919407,-73.16820471596223,41.31072077306054]
[-123.09919655732513,45.042142675163994,-122.24032837814067,46.02410845893621]
[-105.50715118512595,39.23853897140546,-104.36452783039866,40.29322575294256]
[-98.23964117716197,29.77766096864943,-97.26383960750739,30.78966648870058]
[-98.02561247141865,35.002883,-97.100278,35.9972862982587]
[-87.17942291910987,35.78174416001831,-86.355483,36.544429]
[-96.0863722292573,29.201473465635164,-94.66949971500726,30.404346456234038]
[-83.75586074408928,41.887837,-82.56850660041313,42.79913802628787]
[-77.5517802670127,38.488438230861284,-76.53698276547995,39.334679434357064]
[-112.34343340430273,40.32657142872262,-111.48706347652556,41.13862510901622]
[-93.85465920428629,44.43587167130984,-92.65369256337247,45.49592244051039]
[-95.12959324147135,38.546874841929586,-94.0515572135139,39.65034602874254]
[-112.75065656157926,32.97560932233164,-111.3317541449325,34.087626]
[-99.01305032991581,29.013813458837355,-97.97735894272067,29.912301833543648]
[-81.27718864153984,34.75471998663578,-80.32712246159464,35.671446]
[-88.39395662263355,42.568864,-87.539954,43.48399770545963]
[-84.47929244530545,35.53175301239595,-83.524662,36.33087429255763]
[-106.8856454444765,31.372554,-105.96171925389889,32.21867220872131]
[-81.94382054293257,27.980569402880263,-80.88758501645613,29.102126269957044]
[-77.131254,38.82002866481828,-76.15117732258753,39.7217498575656]
[-115.65080075179144,35.624956804416605,-114.70750296406084,36.60944095960527]
[-97.79349712565912,32.333320420527315,-96.23383182666711,33.468037634763114]
[-80.69440802193851,25.236108000077557,-79.80630722874439,26.425508509454108]
[-88.35790856907026,41.267321859264705,-87.09686634204503,42.459338694011755]
[-86.64619602163611,39.3792360579393,-85.71074305895031,40.24390562097841]
[-80.441293,40.03792718432819,-79.43942553188239,40.95854502126615]
[-86.14614907693137,37.80683037280611,-85.19633959601268,38.62955955159255]
[-117.67127565465168,32.248455039915484,-116.63376153281042,33.49984450022918]
[-71.57822725087561,41.89784238340575,-70.651745,42.7329331840157]
[-84.80488327022475,33.31448969924394,-83.92570114529522,34.22370076193654]
[-74.92889357737259,39.000045708751934,-74.00145586410201,39.85363791814947]
[-82.32523780856175,29.786256887336695,-81.07607467096436,30.8111857694483]
[-90.41466073304053,34.71130257216889,-89.56133333469884,35.51529490632283]
